0.000000000000000000e+00
2.343604687209374150e-04
4.650009300018599460e-04
6.919213838427676474e-04
9.151218302436604649e-04
1.134602269204538398e-03
1.350362700725401231e-03
1.562403124806249505e-03
1.770723541447082787e-03
1.975323950647901294e-03
2.176204352408704808e-03
2.373364746729493546e-03
2.566805133610266642e-03
2.756525513051025830e-03
2.942525885051769808e-03
3.124806249612499011e-03
3.303366606733213005e-03
3.478206956413912223e-03
3.649327298654597099e-03
3.816727633455267200e-03
3.980407960815921659e-03
4.140368280736561775e-03
4.296608593217186682e-03
4.449128898257796380e-03
4.597929195858390869e-03
4.743009486018971016e-03
4.884369768739537689e-03
5.022010044020087417e-03
5.155930311860622804e-03
5.286130572261143849e-03
5.412610825221650553e-03
5.535371070742142047e-03
5.654411308822617464e-03
5.769731539463078540e-03
5.881331762663524407e-03
5.989211978423956799e-03
6.093372186744373982e-03
6.193812387624775088e-03
6.290532581065162721e-03
6.383532767065534276e-03
6.472812945625891490e-03
6.558373116746233494e-03
6.640213280426560290e-03
6.718333436666872743e-03
6.792733585467170855e-03
6.863413726827452890e-03
6.930373860747720584e-03
6.993613987227973935e-03
7.053134106268212078e-03
7.108934217868435011e-03
7.161014322028643603e-03
7.209374418748837852e-03
7.254014508029016026e-03
7.294934589869179857e-03
7.332134664269328479e-03
7.365614731229461892e-03
7.395374790749580964e-03
7.421414842829685693e-03
7.443734887469774346e-03
7.462334924669848657e-03
7.477214954429907759e-03
7.488374976749952519e-03
7.495814991629983805e-03
7.499534999069998147e-03
7.499534999069997279e-03
7.495814991629982937e-03
7.488374976749952519e-03
7.477214954429909494e-03
7.462334924669848657e-03
7.443734887469775213e-03
7.421414842829684826e-03
7.395374790749581831e-03
7.365614731229461892e-03
7.332134664269327612e-03
7.294934589869179857e-03
7.254014508029015158e-03
7.209374418748836985e-03
7.161014322028642735e-03
7.108934217868435879e-03
7.053134106268212078e-03
6.993613987227974803e-03
6.930373860747721451e-03
6.863413726827453758e-03
6.792733585467170855e-03
6.718333436666874478e-03
6.640213280426560290e-03
6.558373116746233494e-03
6.472812945625890622e-03
6.383532767065534276e-03
6.290532581065161853e-03
6.193812387624775956e-03
6.093372186744373982e-03
5.989211978423955932e-03
5.881331762663524407e-03
5.769731539463077673e-03
5.654411308822617464e-03
5.535371070742141179e-03
5.412610825221650553e-03
5.286130572261144717e-03
5.155930311860624539e-03
5.022010044020089152e-03
4.884369768739536821e-03
4.743009486018971016e-03
4.597929195858391736e-03
4.449128898257796380e-03
4.296608593217186682e-03
4.140368280736561775e-03
3.980407960815922526e-03
3.816727633455265899e-03
3.649327298654596232e-03
3.478206956413912223e-03
3.303366606733213005e-03
3.124806249612499445e-03
2.942525885051770242e-03
2.756525513051027131e-03
2.566805133610268377e-03
2.373364746729495281e-03
2.176204352408703940e-03
1.975323950647900860e-03
1.770723541447082787e-03
1.562403124806249939e-03
1.350362700725402099e-03
1.134602269204539483e-03
9.151218302436619828e-04
6.919213838427664548e-04
4.650009300018591871e-04
2.343604687209370355e-04
0.000000000000000000e+00
