0.000000000000000000e+00
1.968260803035339068e-02
3.935070490266220911e-02
5.898999087972755379e-02
7.858639686527310597e-02
9.812608440394511577e-02
1.175954456813123328e-01
1.369811035238661656e-01
1.562699113990205224e-01
1.754489534151118524e-01
1.945055443213992707e-01
2.134272295080643089e-01
2.322017850062112199e-01
2.508172174878666727e-01
2.692617642659799748e-01
2.875238932944230719e-01
3.055923031679902979e-01
3.234559231223985698e-01
3.411039130342877201e-01
3.585256634212196092e-01
3.757107954416789020e-01
3.926491608950729573e-01
4.093308422217315501e-01
4.257461525029070382e-01
4.418856354607742509e-01
4.577400654584307671e-01
4.733004474998967481e-01
4.885580172301147162e-01
5.035042409349497206e-01
5.181308155411896710e-01
5.324296686165447268e-01
5.463929583696479630e-01
5.600130736500544826e-01
5.732826339482426370e-01
5.861944893956128055e-01
5.987417207644880612e-01
6.109176394681141709e-01
6.227157875606593729e-01
6.341299377372144885e-01
6.451540933337928108e-01
6.557824883273301042e-01
6.660095873356852714e-01
6.758300856176391314e-01
6.852389090728954191e-01
6.942312142420801191e-01
7.028023883067420208e-01
7.109480490893527183e-01
7.186640450533056113e-01
7.259464553029175704e-01
7.327915895834271609e-01
7.391959882809963078e-01
7.451564224227091859e-01
7.506698936765719976e-01
7.557336343515144161e-01
7.603451073973882535e-01
7.645020064049674602e-01
7.682022556059496798e-01
7.714440098729536954e-01
7.742256547195219829e-01
7.765458063001190459e-01
7.784033114101319706e-01
7.797972474858706482e-01
7.807269226045675525e-01
7.811918754843771850e-01
7.811918754843771850e-01
7.807269226045674415e-01
7.797972474858707592e-01
7.784033114101319706e-01
7.765458063001190459e-01
7.742256547195219829e-01
7.714440098729536954e-01
7.682022556059496798e-01
7.645020064049676822e-01
7.603451073973882535e-01
7.557336343515144161e-01
7.506698936765721086e-01
7.451564224227089639e-01
7.391959882809961968e-01
7.327915895834271609e-01
7.259464553029173484e-01
7.186640450533055002e-01
7.109480490893524962e-01
7.028023883067420208e-01
6.942312142420802301e-01
6.852389090728951970e-01
6.758300856176390203e-01
6.660095873356852714e-01
6.557824883273302152e-01
6.451540933337926997e-01
6.341299377372143775e-01
6.227157875606592619e-01
6.109176394681143929e-01
5.987417207644879502e-01
5.861944893956126945e-01
5.732826339482426370e-01
5.600130736500545936e-01
5.463929583696480741e-01
5.324296686165447268e-01
5.181308155411898930e-01
5.035042409349497206e-01
4.885580172301148827e-01
4.733004474998965261e-01
4.577400654584308226e-01
4.418856354607741954e-01
4.257461525029068716e-01
4.093308422217316611e-01
3.926491608950732903e-01
3.757107954416791240e-01
3.585256634212191651e-01
3.411039130342874426e-01
3.234559231223985143e-01
3.055923031679902424e-01
2.875238932944232384e-01
2.692617642659803079e-01
2.508172174878667282e-01
2.322017850062113586e-01
2.134272295080646975e-01
1.945055443213991597e-01
1.754489534151115748e-01
1.562699113990206889e-01
1.369811035238660546e-01
1.175954456813127491e-01
9.812608440394499087e-02
7.858639686527307822e-02
5.898999087972756072e-02
3.935070490266229237e-02
1.968260803035332129e-02
0.000000000000000000e+00
