0.000000000000000000e+00
3.124806249612499228e-04
6.200012400024800365e-04
9.225618451236903411e-04
1.220162440324880620e-03
1.512803025606051198e-03
1.800483600967201859e-03
2.083204166408332818e-03
2.360964721929443861e-03
2.633765267530535203e-03
2.901605803211606410e-03
3.164486328972658351e-03
3.422406844813689290e-03
3.675367350734701395e-03
3.923367846735693366e-03
4.166408332816665637e-03
4.404488808977617340e-03
4.637609275218550209e-03
4.865769731539463377e-03
5.088970177940356845e-03
5.307210614421228878e-03
5.520491040982082077e-03
5.728811457622915576e-03
5.932171864343728507e-03
6.130572261144522604e-03
6.324012648025296134e-03
6.512493024986050830e-03
6.696013392026784090e-03
6.874573749147497650e-03
7.048174096348191510e-03
7.216814433628866536e-03
7.380494760989522729e-03
7.539215078430156619e-03
7.692975385950772543e-03
7.841775683551367032e-03
7.985615971231943555e-03
8.124496248992498643e-03
8.258416516833034030e-03
8.387376774753549716e-03
8.511377022754045701e-03
8.630417260834521986e-03
8.744497488994976836e-03
8.853617707235413720e-03
8.957777915555830903e-03
9.056978113956228385e-03
9.151218302436604432e-03
9.240498480996962513e-03
9.324818649637299159e-03
9.404178808357616104e-03
9.478578957157913348e-03
9.548019096038192627e-03
9.612499224998450470e-03
9.672019344038690347e-03
9.726579453158907054e-03
9.776179552359105795e-03
9.820819641639283101e-03
9.860499720999442441e-03
9.895219790439582080e-03
9.924979849959700284e-03
9.949779899559797053e-03
9.969619939239877590e-03
9.984499968999936692e-03
9.994419988839977828e-03
9.999379998759997529e-03
9.999379998759997529e-03
9.994419988839977828e-03
9.984499968999938427e-03
9.969619939239877590e-03
9.949779899559800522e-03
9.924979849959700284e-03
9.895219790439580346e-03
9.860499720999442441e-03
9.820819641639283101e-03
9.776179552359104061e-03
9.726579453158907054e-03
9.672019344038688612e-03
9.612499224998450470e-03
9.548019096038190892e-03
9.478578957157915083e-03
9.404178808357617839e-03
9.324818649637299159e-03
9.240498480996962513e-03
9.151218302436604432e-03
9.056978113956228385e-03
8.957777915555832637e-03
8.853617707235415454e-03
8.744497488994976836e-03
8.630417260834521986e-03
8.511377022754045701e-03
8.387376774753549716e-03
8.258416516833034030e-03
8.124496248992498643e-03
7.985615971231941820e-03
7.841775683551367032e-03
7.692975385950771676e-03
7.539215078430156619e-03
7.380494760989522729e-03
7.216814433628868271e-03
7.048174096348193245e-03
6.874573749147499385e-03
6.696013392026785825e-03
6.512493024986049962e-03
6.324012648025296134e-03
6.130572261144521737e-03
5.932171864343729374e-03
5.728811457622915576e-03
5.520491040982082945e-03
5.307210614421230613e-03
5.088970177940355111e-03
4.865769731539462510e-03
4.637609275218550209e-03
4.404488808977618207e-03
4.166408332816666504e-03
3.923367846735694234e-03
3.675367350734703130e-03
3.422406844813691458e-03
3.164486328972660086e-03
2.901605803211605543e-03
2.633765267530534335e-03
2.360964721929443861e-03
2.083204166408333252e-03
1.800483600967202726e-03
1.512803025606052933e-03
1.220162440324882788e-03
9.225618451236887148e-04
6.200012400024788439e-04
3.124806249612493807e-04
0.000000000000000000e+00
