0.000000000000000000e+00
5.026548245743668275e+01
1.005309649148733655e+02
1.507964473723100696e+02
2.010619298297467310e+02
2.513274122871834209e+02
3.015928947446201391e+02
3.518583772020568290e+02
4.021238596594934620e+02
4.523893421169301519e+02
5.026548245743668417e+02
5.529203070318035316e+02
6.031857894892402783e+02
6.534512719466769113e+02
7.037167544041136580e+02
7.539822368615502910e+02
8.042477193189869240e+02
8.545132017764236707e+02
9.047786842338603037e+02
9.550441666912970504e+02
1.005309649148733683e+03
1.055575131606170316e+03
1.105840614063607063e+03
1.156106096521043810e+03
1.206371578978480557e+03
1.256637061435917076e+03
1.306902543893353823e+03
1.357168026350790569e+03
1.407433508808227316e+03
1.457698991265663835e+03
1.507964473723100582e+03
1.558229956180537329e+03
1.608495438637973848e+03
1.658760921095410595e+03
1.709026403552847341e+03
1.759291886010284088e+03
1.809557368467720607e+03
1.859822850925157354e+03
1.910088333382594101e+03
1.960353815840030848e+03
2.010619298297467367e+03
2.060884780754904114e+03
2.111150263212340633e+03
2.161415745669777607e+03
2.211681228127214126e+03
2.261946710584650646e+03
2.312212193042087620e+03
2.362477675499524139e+03
2.412743157956961113e+03
2.463008640414397632e+03
2.513274122871834152e+03
2.563539605329271126e+03
2.613805087786707645e+03
2.664070570244144164e+03
2.714336052701581139e+03
2.764601535159017658e+03
2.814867017616454632e+03
2.865132500073891151e+03
2.915397982531327671e+03
2.965663464988764645e+03
3.015928947446201164e+03
3.066194429903637683e+03
3.116459912361074657e+03
3.166725394818511177e+03
3.216990877275947696e+03
3.267256359733384670e+03
3.317521842190821189e+03
3.367787324648258164e+03
3.418052807105694683e+03
3.468318289563131202e+03
3.518583772020568176e+03
3.568849254478004696e+03
3.619114736935441215e+03
3.669380219392878189e+03
3.719645701850314708e+03
3.769911184307751228e+03
3.820176666765188202e+03
3.870442149222624721e+03
3.920707631680061695e+03
3.970973114137498214e+03
4.021238596594934734e+03
4.071504079052371708e+03
4.121769561509808227e+03
4.172035043967244746e+03
4.222300526424681266e+03
4.272566008882118695e+03
4.322831491339555214e+03
4.373096973796991733e+03
4.423362456254428253e+03
4.473627938711864772e+03
4.523893421169301291e+03
4.574158903626738720e+03
4.624424386084175239e+03
4.674689868541611759e+03
4.724955350999048278e+03
4.775220833456484797e+03
4.825486315913922226e+03
4.875751798371358745e+03
4.926017280828795265e+03
4.976282763286231784e+03
5.026548245743668303e+03
5.076813728201105732e+03
5.127079210658542252e+03
5.177344693115978771e+03
5.227610175573415290e+03
5.277875658030851810e+03
5.328141140488288329e+03
5.378406622945725758e+03
5.428672105403162277e+03
5.478937587860598796e+03
5.529203070318035316e+03
5.579468552775471835e+03
5.629734035232909264e+03
5.679999517690345783e+03
5.730265000147782303e+03
5.780530482605218822e+03
5.830795965062655341e+03
5.881061447520091860e+03
5.931326929977529289e+03
5.981592412434965809e+03
6.031857894892402328e+03
6.082123377349838847e+03
6.132388859807275367e+03
6.182654342264712795e+03
6.232919824722149315e+03
6.283185307179585834e+03
6.333450789637022353e+03
6.383716272094458873e+03
6.433981754551895392e+03
6.484247237009332821e+03
6.534512719466769340e+03
6.584778201924205860e+03
6.635043684381642379e+03
6.685309166839078898e+03
6.735574649296516327e+03
6.785840131753952846e+03
6.836105614211389366e+03
6.886371096668825885e+03
6.936636579126262404e+03
6.986902061583698924e+03
7.037167544041136352e+03
7.087433026498572872e+03
7.137698508956009391e+03
7.187963991413445910e+03
7.238229473870882430e+03
7.288494956328319859e+03
7.338760438785756378e+03
7.389025921243192897e+03
7.439291403700629417e+03
7.489556886158065936e+03
7.539822368615502455e+03
7.590087851072939884e+03
7.640353333530376403e+03
7.690618815987812923e+03
7.740884298445249442e+03
7.791149780902685961e+03
7.841415263360123390e+03
7.891680745817559909e+03
7.941946228274996429e+03
7.992211710732432948e+03
8.042477193189869467e+03
8.092742675647305987e+03
8.143008158104743416e+03
8.193273640562179935e+03
8.243539123019616454e+03
8.293804605477052974e+03
8.344070087934489493e+03
8.394335570391926012e+03
8.444601052849362532e+03
8.494866535306799051e+03
8.545132017764237389e+03
8.595397500221673909e+03
8.645662982679110428e+03
8.695928465136546947e+03
8.746193947593983467e+03
8.796459430051419986e+03
8.846724912508856505e+03
8.896990394966293024e+03
8.947255877423729544e+03
8.997521359881166063e+03
9.047786842338602582e+03
9.098052324796040921e+03
9.148317807253477440e+03
9.198583289710913959e+03
9.248848772168350479e+03
9.299114254625786998e+03
9.349379737083223517e+03
9.399645219540660037e+03
9.449910701998096556e+03
9.500176184455533075e+03
9.550441666912969595e+03
9.600707149370406114e+03
9.650972631827844452e+03
9.701238114285280972e+03
9.751503596742717491e+03
9.801769079200154010e+03
9.852034561657590530e+03
9.902300044115027049e+03
9.952565526572463568e+03
1.000283100902990009e+04
1.005309649148733661e+04
1.010336197394477313e+04
1.015362745640221146e+04
1.020389293885964798e+04
1.025415842131708450e+04
1.030442390377452102e+04
1.035468938623195754e+04
1.040495486868939406e+04
1.045522035114683058e+04
1.050548583360426710e+04
1.055575131606170362e+04
1.060601679851914014e+04
1.065628228097657666e+04
1.070654776343401500e+04
1.075681324589145152e+04
1.080707872834888803e+04
1.085734421080632455e+04
1.090760969326376107e+04
1.095787517572119759e+04
1.100814065817863411e+04
1.105840614063607063e+04
1.110867162309350715e+04
1.115893710555094367e+04
1.120920258800838019e+04
1.125946807046581853e+04
1.130973355292325505e+04
1.135999903538069157e+04
1.141026451783812809e+04
1.146053000029556461e+04
1.151079548275300112e+04
1.156106096521043764e+04
1.161132644766787416e+04
1.166159193012531068e+04
1.171185741258274720e+04
1.176212289504018372e+04
1.181238837749762206e+04
1.186265385995505858e+04
1.191291934241249510e+04
1.196318482486993162e+04
1.201345030732736814e+04
1.206371578978480466e+04
1.211398127224224118e+04
1.216424675469967769e+04
1.221451223715711421e+04
1.226477771961455073e+04
1.231504320207198725e+04
1.236530868452942559e+04
1.241557416698686211e+04
1.246583964944429863e+04
1.251610513190173515e+04
1.256637061435917167e+04
1.261663609681660819e+04
1.266690157927404471e+04
1.271716706173148123e+04
1.276743254418891775e+04
1.281769802664635426e+04
1.286796350910379078e+04
1.291822899156122912e+04
1.296849447401866564e+04
1.301875995647610216e+04
1.306902543893353868e+04
1.311929092139097520e+04
1.316955640384841172e+04
1.321982188630584824e+04
1.327008736876328476e+04
1.332035285122072128e+04
1.337061833367815780e+04
1.342088381613559432e+04
1.347114929859303265e+04
1.352141478105046917e+04
1.357168026350790569e+04
1.362194574596534221e+04
1.367221122842277873e+04
1.372247671088021525e+04
1.377274219333765177e+04
1.382300767579508829e+04
1.387327315825252481e+04
1.392353864070996133e+04
1.397380412316739785e+04
1.402406960562483619e+04
1.407433508808227270e+04
1.412460057053970922e+04
1.417486605299714574e+04
1.422513153545458226e+04
1.427539701791201878e+04
1.432566250036945530e+04
1.437592798282689182e+04
1.442619346528432834e+04
1.447645894774176486e+04
1.452672443019920138e+04
1.457698991265663972e+04
1.462725539511407624e+04
1.467752087757151276e+04
1.472778636002894928e+04
1.477805184248638579e+04
1.482831732494382231e+04
1.487858280740125883e+04
1.492884828985869535e+04
1.497911377231613187e+04
1.502937925477356839e+04
1.507964473723100491e+04
1.512991021968844325e+04
1.518017570214587977e+04
1.523044118460331629e+04
1.528070666706075281e+04
1.533097214951818933e+04
1.538123763197562585e+04
1.543150311443306236e+04
1.548176859689049888e+04
1.553203407934793540e+04
1.558229956180537192e+04
1.563256504426280844e+04
1.568283052672024678e+04
1.573309600917768330e+04
1.578336149163511982e+04
1.583362697409255634e+04
1.588389245654999286e+04
1.593415793900742938e+04
1.598442342146486590e+04
1.603468890392230242e+04
1.608495438637973893e+04
1.613521986883717545e+04
1.618548535129461197e+04
1.623575083375205031e+04
1.628601631620948683e+04
1.633628179866692335e+04
1.638654728112435987e+04
1.643681276358179457e+04
1.648707824603923291e+04
1.653734372849667125e+04
1.658760921095410595e+04
1.663787469341154429e+04
1.668814017586897899e+04
1.673840565832641732e+04
1.678867114078385202e+04
1.683893662324129036e+04
1.688920210569872506e+04
1.693946758815616340e+04
1.698973307061359810e+04
1.703999855307103644e+04
1.709026403552847478e+04
1.714052951798590948e+04
1.719079500044334782e+04
1.724106048290078252e+04
1.729132596535822086e+04
1.734159144781565556e+04
1.739185693027309389e+04
1.744212241273052859e+04
1.749238789518796693e+04
1.754265337764540163e+04
1.759291886010283997e+04
1.764318434256027831e+04
1.769344982501771301e+04
1.774371530747515135e+04
1.779398078993258605e+04
1.784424627239002439e+04
1.789451175484745909e+04
1.794477723730489743e+04
1.799504271976233213e+04
1.804530820221977046e+04
1.809557368467720516e+04
1.814583916713464350e+04
1.819610464959208184e+04
1.824637013204951654e+04
1.829663561450695488e+04
1.834690109696438958e+04
1.839716657942182792e+04
1.844743206187926262e+04
1.849769754433670096e+04
1.854796302679413566e+04
1.859822850925157400e+04
1.864849399170900870e+04
1.869875947416644703e+04
1.874902495662388537e+04
1.879929043908132007e+04
1.884955592153875841e+04
1.889982140399619311e+04
1.895008688645363145e+04
1.900035236891106615e+04
1.905061785136850449e+04
1.910088333382593919e+04
1.915114881628337753e+04
1.920141429874081223e+04
1.925167978119825057e+04
1.930194526365568890e+04
1.935221074611312361e+04
1.940247622857056194e+04
1.945274171102799664e+04
1.950300719348543498e+04
1.955327267594286968e+04
1.960353815840030802e+04
1.965380364085774272e+04
1.970406912331518106e+04
1.975433460577261940e+04
1.980460008823005410e+04
1.985486557068749244e+04
1.990513105314492714e+04
1.995539653560236547e+04
2.000566201805980018e+04
2.005592750051723851e+04
2.010619298297467321e+04
2.015645846543211155e+04
2.020672394788954625e+04
2.025698943034698459e+04
2.030725491280442293e+04
2.035752039526185763e+04
2.040778587771929597e+04
2.045805136017673067e+04
2.050831684263416901e+04
2.055858232509160371e+04
2.060884780754904205e+04
2.065911329000647675e+04
2.070937877246391508e+04
2.075964425492134978e+04
2.080990973737878812e+04
2.086017521983622646e+04
2.091044070229366116e+04
2.096070618475109950e+04
2.101097166720853420e+04
2.106123714966597254e+04
2.111150263212340724e+04
2.116176811458084558e+04
2.121203359703828028e+04
2.126229907949571862e+04
2.131256456195315332e+04
2.136283004441059165e+04
2.141309552686802999e+04
2.146336100932546469e+04
2.151362649178290303e+04
2.156389197424033773e+04
2.161415745669777607e+04
2.166442293915521077e+04
2.171468842161264911e+04
2.176495390407008381e+04
2.181521938652752215e+04
2.186548486898495685e+04
2.191575035144239519e+04
2.196601583389983352e+04
2.201628131635726822e+04
2.206654679881470656e+04
2.211681228127214126e+04
2.216707776372957960e+04
2.221734324618701430e+04
2.226760872864445264e+04
2.231787421110188734e+04
2.236813969355932568e+04
2.241840517601676038e+04
2.246867065847419872e+04
2.251893614093163706e+04
2.256920162338907176e+04
2.261946710584651009e+04
2.266973258830394479e+04
2.271999807076138313e+04
2.277026355321881783e+04
2.282052903567625617e+04
2.287079451813369087e+04
2.292106000059112921e+04
2.297132548304856391e+04
2.302159096550600225e+04
2.307185644796344059e+04
2.312212193042087529e+04
2.317238741287831363e+04
2.322265289533574833e+04
2.327291837779318666e+04
2.332318386025062136e+04
2.337344934270805970e+04
2.342371482516549440e+04
2.347398030762293274e+04
2.352424579008036744e+04
2.357451127253780578e+04
2.362477675499524412e+04
2.367504223745267882e+04
2.372530771991011716e+04
2.377557320236755186e+04
2.382583868482499020e+04
2.387610416728242490e+04
2.392636964973986323e+04
2.397663513219729793e+04
2.402690061465473627e+04
2.407716609711217097e+04
2.412743157956960931e+04
2.417769706202704765e+04
2.422796254448448235e+04
2.427822802694192069e+04
2.432849350939935539e+04
2.437875899185679373e+04
2.442902447431422843e+04
2.447928995677166677e+04
2.452955543922910147e+04
2.457982092168653980e+04
2.463008640414397451e+04
2.468035188660141284e+04
2.473061736905885118e+04
2.478088285151628588e+04
2.483114833397372422e+04
2.488141381643115892e+04
2.493167929888859726e+04
2.498194478134603196e+04
2.503221026380347030e+04
2.508247574626090500e+04
2.513274122871834334e+04
2.518300671117577804e+04
2.523327219363321638e+04
2.528353767609065471e+04
2.533380315854808941e+04
2.538406864100552775e+04
2.543433412346296245e+04
2.548459960592040079e+04
2.553486508837783549e+04
2.558513057083527383e+04
2.563539605329270853e+04
2.568566153575014687e+04
2.573592701820758157e+04
2.578619250066501991e+04
2.583645798312245824e+04
2.588672346557989295e+04
2.593698894803733128e+04
2.598725443049476598e+04
2.603751991295220432e+04
2.608778539540963902e+04
2.613805087786707736e+04
2.618831636032451206e+04
2.623858184278195040e+04
2.628884732523938510e+04
2.633911280769682344e+04
2.638937829015426178e+04
2.643964377261169648e+04
2.648990925506913482e+04
2.654017473752656952e+04
2.659044021998400785e+04
2.664070570244144255e+04
2.669097118489888089e+04
2.674123666735631559e+04
2.679150214981375393e+04
2.684176763227118863e+04
2.689203311472862697e+04
2.694229859718606531e+04
2.699256407964350001e+04
2.704282956210093835e+04
2.709309504455837305e+04
2.714336052701581139e+04
2.719362600947324609e+04
2.724389149193068442e+04
2.729415697438811912e+04
2.734442245684555746e+04
2.739468793930299216e+04
2.744495342176043050e+04
2.749521890421786884e+04
2.754548438667530354e+04
2.759574986913274188e+04
2.764601535159017658e+04
2.769628083404761492e+04
2.774654631650504962e+04
2.779681179896248796e+04
2.784707728141992266e+04
2.789734276387736099e+04
2.794760824633479569e+04
2.799787372879223403e+04
2.804813921124967237e+04
2.809840469370710707e+04
2.814867017616454541e+04
2.819893565862198011e+04
2.824920114107941845e+04
2.829946662353685315e+04
2.834973210599429149e+04
2.839999758845172619e+04
2.845026307090916453e+04
2.850052855336659923e+04
2.855079403582403756e+04
2.860105951828147590e+04
2.865132500073891060e+04
2.870159048319634894e+04
2.875185596565378364e+04
2.880212144811122198e+04
2.885238693056865668e+04
2.890265241302609502e+04
2.895291789548352972e+04
2.900318337794096806e+04
2.905344886039840276e+04
2.910371434285584110e+04
2.915397982531327943e+04
2.920424530777071413e+04
2.925451079022815247e+04
2.930477627268558717e+04
2.935504175514302551e+04
2.940530723760046021e+04
2.945557272005789855e+04
2.950583820251533325e+04
2.955610368497277159e+04
2.960636916743020629e+04
2.965663464988764463e+04
2.970690013234508297e+04
2.975716561480251767e+04
2.980743109725995600e+04
2.985769657971739070e+04
2.990796206217482904e+04
2.995822754463226374e+04
3.000849302708970208e+04
3.005875850954713678e+04
3.010902399200457512e+04
3.015928947446200982e+04
3.020955495691944816e+04
3.025982043937688650e+04
3.031008592183432120e+04
3.036035140429175954e+04
3.041061688674919424e+04
3.046088236920663257e+04
3.051114785166406728e+04
3.056141333412150561e+04
3.061167881657894031e+04
3.066194429903637865e+04
3.071220978149381335e+04
3.076247526395125169e+04
3.081274074640869003e+04
3.086300622886612473e+04
3.091327171132356307e+04
3.096353719378099777e+04
3.101380267623843611e+04
3.106406815869587081e+04
3.111433364115330915e+04
3.116459912361074385e+04
3.121486460606818218e+04
3.126513008852561688e+04
3.131539557098305522e+04
3.136566105344049356e+04
3.141592653589792826e+04
3.146619201835536660e+04
3.151645750081280130e+04
3.156672298327023964e+04
3.161698846572767434e+04
3.166725394818511268e+04
3.171751943064254738e+04
3.176778491309998572e+04
3.181805039555742042e+04
3.186831587801485875e+04
3.191858136047229709e+04
3.196884684292973179e+04
3.201911232538717013e+04
3.206937780784460483e+04
3.211964329030204317e+04
3.216990877275947787e+04
3.222017425521691621e+04
3.227043973767435091e+04
3.232070522013178925e+04
3.237097070258922395e+04
3.242123618504666229e+04
3.247150166750410062e+04
3.252176714996153532e+04
3.257203263241897366e+04
3.262229811487640836e+04
3.267256359733384670e+04
3.272282907979128140e+04
3.277309456224871974e+04
3.282336004470615444e+04
3.287362552716358914e+04
3.292389100962103112e+04
3.297415649207846582e+04
3.302442197453590052e+04
3.307468745699334249e+04
3.312495293945077719e+04
3.317521842190821189e+04
3.322548390436564659e+04
3.327574938682308857e+04
3.332601486928052327e+04
3.337628035173795797e+04
3.342654583419539267e+04
3.347681131665283465e+04
3.352707679911026935e+04
3.357734228156770405e+04
3.362760776402514603e+04
3.367787324648258073e+04
3.372813872894001543e+04
3.377840421139745013e+04
3.382866969385489210e+04
3.387893517631232680e+04
3.392920065876976150e+04
3.397946614122719620e+04
3.402973162368463818e+04
3.407999710614207288e+04
3.413026258859950758e+04
3.418052807105694956e+04
3.423079355351438426e+04
3.428105903597181896e+04
3.433132451842925366e+04
3.438159000088669563e+04
3.443185548334413033e+04
3.448212096580156503e+04
3.453238644825899974e+04
3.458265193071644171e+04
3.463291741317387641e+04
3.468318289563131111e+04
3.473344837808875309e+04
3.478371386054618779e+04
3.483397934300362249e+04
3.488424482546105719e+04
3.493451030791849917e+04
3.498477579037593387e+04
3.503504127283336857e+04
3.508530675529080327e+04
3.513557223774824524e+04
3.518583772020567994e+04
3.523610320266311464e+04
3.528636868512055662e+04
3.533663416757799132e+04
3.538689965003542602e+04
3.543716513249286072e+04
3.548743061495030270e+04
3.553769609740773740e+04
3.558796157986517210e+04
3.563822706232260680e+04
3.568849254478004877e+04
3.573875802723748347e+04
3.578902350969491818e+04
3.583928899215236015e+04
3.588955447460979485e+04
3.593981995706722955e+04
3.599008543952466425e+04
3.604035092198210623e+04
3.609061640443954093e+04
3.614088188689697563e+04
3.619114736935441033e+04
3.624141285181185231e+04
3.629167833426928701e+04
3.634194381672672171e+04
3.639220929918416368e+04
3.644247478164159838e+04
3.649274026409903308e+04
3.654300574655646778e+04
3.659327122901390976e+04
3.664353671147134446e+04
3.669380219392877916e+04
3.674406767638621386e+04
3.679433315884365584e+04
3.684459864130109054e+04
3.689486412375852524e+04
3.694512960621596721e+04
3.699539508867340192e+04
3.704566057113083662e+04
3.709592605358827132e+04
3.714619153604571329e+04
3.719645701850314799e+04
3.724672250096058269e+04
3.729698798341801739e+04
3.734725346587545937e+04
3.739751894833289407e+04
3.744778443079032877e+04
3.749804991324777075e+04
3.754831539570520545e+04
3.759858087816264015e+04
3.764884636062007485e+04
3.769911184307751682e+04
3.774937732553495152e+04
3.779964280799238622e+04
3.784990829044982092e+04
3.790017377290726290e+04
3.795043925536469760e+04
3.800070473782213230e+04
3.805097022027957428e+04
3.810123570273700898e+04
3.815150118519444368e+04
3.820176666765187838e+04
3.825203215010932036e+04
3.830229763256675506e+04
3.835256311502418976e+04
3.840282859748162446e+04
3.845309407993906643e+04
3.850335956239650113e+04
3.855362504485393583e+04
3.860389052731137781e+04
3.865415600976881251e+04
3.870442149222624721e+04
3.875468697468368191e+04
3.880495245714112389e+04
3.885521793959855859e+04
3.890548342205599329e+04
3.895574890451343526e+04
3.900601438697086996e+04
3.905627986942830466e+04
3.910654535188573936e+04
3.915681083434318134e+04
3.920707631680061604e+04
3.925734179925805074e+04
3.930760728171548544e+04
3.935787276417292742e+04
3.940813824663036212e+04
3.945840372908779682e+04
3.950866921154523880e+04
3.955893469400267350e+04
3.960920017646010820e+04
3.965946565891754290e+04
3.970973114137498487e+04
3.975999662383241957e+04
3.981026210628985427e+04
3.986052758874728897e+04
3.991079307120473095e+04
3.996105855366216565e+04
4.001132403611960035e+04
4.006158951857704233e+04
4.011185500103447703e+04
4.016212048349191173e+04
4.021238596594934643e+04
4.026265144840678840e+04
4.031291693086422310e+04
4.036318241332165780e+04
4.041344789577909251e+04
4.046371337823653448e+04
4.051397886069396918e+04
4.056424434315140388e+04
4.061450982560884586e+04
4.066477530806628056e+04
4.071504079052371526e+04
4.076530627298114996e+04
4.081557175543859194e+04
4.086583723789602664e+04
4.091610272035346134e+04
4.096636820281089604e+04
4.101663368526833801e+04
4.106689916772577271e+04
4.111716465018320741e+04
4.116743013264064939e+04
4.121769561509808409e+04
4.126796109755551879e+04
4.131822658001295349e+04
4.136849206247039547e+04
4.141875754492783017e+04
4.146902302738526487e+04
4.151928850984269957e+04
4.156955399230014154e+04
4.161981947475757624e+04
4.167008495721501095e+04
4.172035043967245292e+04
4.177061592212988762e+04
4.182088140458732232e+04
4.187114688704475702e+04
4.192141236950219900e+04
4.197167785195963370e+04
4.202194333441706840e+04
4.207220881687450310e+04
4.212247429933194508e+04
4.217273978178937978e+04
4.222300526424681448e+04
4.227327074670425645e+04
4.232353622916169115e+04
4.237380171161912585e+04
4.242406719407656055e+04
4.247433267653400253e+04
4.252459815899143723e+04
4.257486364144887193e+04
4.262512912390630663e+04
4.267539460636374861e+04
4.272566008882118331e+04
4.277592557127861801e+04
4.282619105373605998e+04
4.287645653619349468e+04
4.292672201865092939e+04
4.297698750110836409e+04
4.302725298356580606e+04
4.307751846602324076e+04
4.312778394848067546e+04
4.317804943093811016e+04
4.322831491339555214e+04
4.327858039585298684e+04
4.332884587831042154e+04
4.337911136076786352e+04
4.342937684322529822e+04
4.347964232568273292e+04
4.352990780814016762e+04
4.358017329059760959e+04
4.363043877305504429e+04
4.368070425551247899e+04
4.373096973796991369e+04
4.378123522042735567e+04
4.383150070288479037e+04
4.388176618534222507e+04
4.393203166779966705e+04
4.398229715025710175e+04
4.403256263271453645e+04
4.408282811517197115e+04
4.413309359762941313e+04
4.418335908008684783e+04
4.423362456254428253e+04
4.428389004500171723e+04
4.433415552745915920e+04
4.438442100991659390e+04
4.443468649237402860e+04
4.448495197483147058e+04
4.453521745728890528e+04
4.458548293974633998e+04
4.463574842220377468e+04
4.468601390466121666e+04
4.473627938711865136e+04
4.478654486957608606e+04
4.483681035203352076e+04
4.488707583449096273e+04
4.493734131694839743e+04
4.498760679940583213e+04
4.503787228186327411e+04
4.508813776432070881e+04
4.513840324677814351e+04
4.518866872923557821e+04
4.523893421169302019e+04
4.528919969415045489e+04
4.533946517660788959e+04
4.538973065906532429e+04
4.543999614152276627e+04
4.549026162398020097e+04
4.554052710643763567e+04
4.559079258889507764e+04
4.564105807135251234e+04
4.569132355380994704e+04
4.574158903626738174e+04
4.579185451872482372e+04
4.584212000118225842e+04
4.589238548363969312e+04
4.594265096609712782e+04
4.599291644855456980e+04
4.604318193101200450e+04
4.609344741346943920e+04
4.614371289592688117e+04
4.619397837838431587e+04
4.624424386084175057e+04
4.629450934329918528e+04
4.634477482575662725e+04
4.639504030821406195e+04
4.644530579067149665e+04
4.649557127312893135e+04
4.654583675558637333e+04
4.659610223804380803e+04
4.664636772050124273e+04
4.669663320295868471e+04
4.674689868541611941e+04
4.679716416787355411e+04
4.684742965033098881e+04
4.689769513278843078e+04
4.694796061524586548e+04
4.699822609770330018e+04
4.704849158016073488e+04
4.709875706261817686e+04
4.714902254507561156e+04
4.719928802753304626e+04
4.724955350999048824e+04
4.729981899244792294e+04
4.735008447490535764e+04
4.740034995736279234e+04
4.745061543982023431e+04
4.750088092227766901e+04
4.755114640473510372e+04
4.760141188719253842e+04
4.765167736964998039e+04
4.770194285210741509e+04
4.775220833456484979e+04
4.780247381702229177e+04
4.785273929947972647e+04
4.790300478193716117e+04
4.795327026439459587e+04
4.800353574685203785e+04
4.805380122930947255e+04
4.810406671176690725e+04
4.815433219422434195e+04
4.820459767668178392e+04
4.825486315913921862e+04
4.830512864159665332e+04
4.835539412405409530e+04
4.840565960651153000e+04
4.845592508896896470e+04
4.850619057142639940e+04
4.855645605388384138e+04
4.860672153634127608e+04
4.865698701879871078e+04
4.870725250125614548e+04
4.875751798371358745e+04
4.880778346617102216e+04
4.885804894862845686e+04
4.890831443108589883e+04
4.895857991354333353e+04
4.900884539600076823e+04
4.905911087845820293e+04
4.910937636091564491e+04
4.915964184337307961e+04
4.920990732583051431e+04
4.926017280828794901e+04
4.931043829074539099e+04
4.936070377320282569e+04
4.941096925566026039e+04
4.946123473811770236e+04
4.951150022057513706e+04
4.956176570303257176e+04
4.961203118549000646e+04
4.966229666794744844e+04
4.971256215040488314e+04
4.976282763286231784e+04
4.981309311531975254e+04
4.986335859777719452e+04
4.991362408023462922e+04
4.996388956269206392e+04
5.001415504514950590e+04
5.006442052760694060e+04
5.011468601006437530e+04
5.016495149252181000e+04
5.021521697497925197e+04
5.026548245743668667e+04
